       800    0.20553    0.11301    0.43255   0.15117    0.30656
       900    0.37904    0.20423    0.77611   0.27092    0.54741
      1000     0.6422    0.32591     1.3349   0.43879    0.91759
      1100    0.94506    0.47422     2.1145   0.65365     1.3847
      1200     1.3008    0.64716     3.1265    0.9104     1.9184
      1300     1.9416    0.98142     4.8045    1.3761     2.9464
      1400     2.9457     1.4287     8.2079    2.0132     4.4631
      1500     4.3123      2.076     15.753    2.8691     6.7495
      1600     6.5573     3.1097     22.835     4.316     10.617
      1700     10.738     4.8763     55.151    6.8798     19.005
      1800     15.939     7.2404     96.749    10.145     34.016
      1900     24.962     10.826      155.1     15.09     52.882
      2000     37.426     14.678     222.75    21.403     83.384
