0.0
0.0
0.0
0.0
0.0
0.0
0.0
0.0
0.0
0.0

400.0
THIS
3834.18874061
30489.4060023
EQUALS
3834.18874061
30489.4060023
array('d', [105.0, 105.0, 118.3875, 129.4125, 139.125, 147.52499999999998, 156.71249999999998, 166.1625, 176.6625, 188.21249999999998, 201.8625, 210.0])
-3520.94358917
-899.503749249
-518.82384233
416.446242196
431.898591358
669.90604403
819.968494305
959.208460826
1079.8569166
387.212016728


540.0
THIS
3724.84625614
30755.7808397
EQUALS
3724.84625614
30755.7808397
array('d', [105.0, 105.0, 118.91250000000001, 131.25, 142.0125, 151.46249999999998, 161.7, 171.9375, 183.225, 194.25, 205.8, 210.0])
-2766.47247475
-1485.42183094
-573.555260335
188.428945711
525.315366403
625.805166022
772.392492872
1030.91864698
1092.94201116
412.435697643


570.0
THIS
4389.87500679
38301.0902548
EQUALS
4389.87500679
38301.0902548
array('d', [105.0, 105.0, 118.3875, 129.14999999999998, 139.3875, 149.1, 159.075, 169.575, 179.2875, 189.0, 200.02499999999998, 210.0])
-3891.32312968
-887.056078813
-438.526321876
4.46656208849
262.671885793
495.192533036
865.952474245
1113.10211034
1153.58857114
1125.38089009


600.0
THIS
6581.17622492
57679.7734567
EQUALS
6581.17622492
57679.7734567
array('d', [105.0, 105.0, 116.28750000000001, 126.525, 136.5, 145.42499999999998, 154.875, 163.5375, 172.46249999999998, 181.3875, 189.52499999999998, 198.1875, 207.1125, 210.0])
-3981.61071329
-1780.78292833
-1348.13173976
-425.598633295
-136.255623148
669.40340675
797.463624775
1065.99312714
1378.30732144
1463.87346698
1604.38134574
430.179047352


650.0
THIS
5729.97015801
52918.2990483
EQUALS
5729.97015801
52918.2990483
array('d', [105.0, 105.0, 116.025, 126.78750000000001, 136.7625, 147.0, 157.23749999999998, 167.21249999999998, 176.925, 186.1125, 195.0375, 202.9125, 210.0])
-2579.94650103
-1600.27087784
-784.729155348
-639.561552174
-210.158286761
339.626691225
670.020929964
921.799463142
1228.82249292
1494.99090911
920.45760885


720.0
THIS
4522.65455183
40949.0638925
EQUALS
4522.65455183
40949.0638925
array('d', [105.0, 105.0, 116.8125, 129.14999999999998, 139.64999999999998, 149.625, 159.6, 170.625, 180.6, 191.1, 201.075, 210.0])
-1800.34474922
-1609.85516407
-514.215388601
129.812110527
277.72532003
203.931662005
642.585214997
721.268643436
945.390335017
797.445818116


850.0
THIS
2344.35263065
20650.9999727
EQUALS
2344.35263065
20650.9999727
array('d', [105.0, 105.0, 117.8625, 131.5125, 143.85, 156.975, 168.52499999999998, 181.9125, 197.39999999999998, 210.0])
-680.218856176
-587.94028314
50.0384472051
-28.0590469017
390.240743262
326.390949669
128.987647663
265.849218837

7
[0.14879639430465982, 0.13640735559606318, 0.12816790392914665, 0.12262056210479251, 0.1198804400606306, 0.11075081961948385, 0.11746362870447463]
