# x; y; band 0 low; band 0 high; band 1 low; band 1 high
       800     0.2064    0.10003    0.42394   0.14026      0.302
       900    0.31115    0.14643    0.61317   0.21161    0.45108
      1000    0.60749    0.29966     1.2462   0.41766    0.88681
      1100    0.76867    0.38164     1.5815   0.52911     1.1348
      1200     1.2107    0.58027     2.5141   0.81483     1.7673
      1300     1.9381    0.96535     4.1804    1.3017     2.8787
      1400     3.2402     1.5881     7.0491    2.1777     4.8609
      1500     5.4551      2.581     11.892    3.6512     8.0765
      1600     8.4183     4.0777     18.884    5.7379     12.743
      1700     11.433     5.3859     25.804    7.7011     17.496
      1800     21.643     10.393     49.862    14.684     33.787
      1900     35.269     16.741     81.095    23.797      54.42
      2000     55.593     26.702     130.46    38.257     85.109
