# x; y; band 0 low; band 0 high; band 1 low; band 1 high
      1200    0.13344   0.064986    0.54823  0.086693    0.21628
      1400    0.20871    0.10082    0.69668   0.13742    0.33277
      1600    0.30326    0.13904     3.3058   0.19896    0.59422
      1800    0.79741    0.26308     9.7999   0.40703     5.6249
      2000    0.84424    0.32768     14.375   0.47072     5.9727
      2200     3.2383    0.43555     20.016   0.79203     13.164
      2400     19.275    0.90933     40.813    2.8825     29.961
      2600     22.897     1.0132     47.706    3.3977     35.717
      2800     60.016     2.5033     99.863    38.481     79.618
      3000     81.073     4.9929     137.27     51.32     111.39
