# x; y; band 0 low; band 0 high; band 1 low; band 1 high
       800     0.1513   0.079836    0.31783   0.10891    0.21919
       900    0.19562   0.095426    0.40577   0.13615    0.27897
      1000    0.19382   0.097797    0.38688   0.13614    0.27456
      1100    0.24793    0.12236    0.49158   0.17266    0.35818
      1200    0.31345    0.16238     0.6225   0.22053    0.45078
      1300    0.41815    0.21286    0.82977   0.28828    0.60414
      1400     0.6025    0.30543     1.1893   0.41745    0.86763
      1500    0.84183    0.42225     1.7976   0.58487     1.2022
      1600     1.1836    0.63312     2.4718   0.84461     1.7627
      1700     1.8181    0.94404     3.6812    1.2824     2.6549
      1800     2.6525     1.3686     5.5231    1.8622     3.7173
      1900     4.0971     2.1517     8.3016    2.8928      6.023
      2000     6.3295     3.1635     13.056    4.3389     9.5051
