# x; y; band 0 low; band 0 high; band 1 low; band 1 high
      1200   0.090436   0.046703    0.17252  0.064221    0.12749
      1400    0.12334   0.064218    0.24976  0.088154    0.17486
      1600    0.22056    0.10876    0.45604   0.15031    0.32753
      1800     0.2671    0.13473    0.53042   0.18344     0.3935
      2000    0.30048    0.14546    0.63397   0.20907    0.44099
      2200    0.33733    0.17649    0.72448   0.23977    0.49821
      2400    0.52037    0.25658     1.0927    0.3509    0.77374
      2600    0.62306    0.29487     1.3335   0.42073    0.90573
      2800     1.0134    0.49268     2.4243   0.69217     1.4846
      3000      1.547    0.77025     3.5672     1.037     2.3514
