# x; y; band 0 low; band 0 high; band 1 low; band 1 high
       800    0.08719   0.045023    0.18254  0.062848    0.12799
       900     0.1073   0.052978    0.22769  0.074096    0.15322
      1000    0.10151   0.051818    0.20719  0.070845    0.14592
      1100     0.1378    0.06735     0.2598  0.095345    0.19674
      1200     0.1786   0.091297    0.35016    0.1261    0.25277
      1300    0.23883    0.11572    0.46776   0.16359    0.34319
      1400    0.33484    0.16821    0.66404   0.22916    0.48544
      1500     0.4754     0.2413     1.0064   0.33419    0.68847
      1600    0.68049     0.3456     1.4275   0.48076    0.99926
      1700     1.0388    0.53194     2.1323   0.72214     1.4937
      1800     1.5195    0.76209     3.0224    1.0609     2.1471
      1900     2.3767     1.2481     4.8589    1.6212     3.4243
      2000     3.6162     1.8049     7.8502    2.5016     5.4548
