0.0
0.0
0.0
0.0
0.0
0.0
0.0
0.0
0.0
0.0

400.0
THIS
9616.12203711
76327.6339329
EQUALS
9616.12203711
76327.6339329
failed broarray('d', [500.0, 105.0, 124.425, 138.6, 149.8875, 162.48749999999998, 177.975, 196.875, 4000.0])
failed 2failed 3

540.0
THIS
9395.09653965
78726.8639008
EQUALS
9395.09653965
78726.8639008
failed broarray('d', [500.0, 105.0, 124.16250000000001, 138.6, 152.5125, 170.1, 185.325, 204.4875, 4000.0])
failed 2failed 3

570.0
THIS
11252.3125034
101698.678668
EQUALS
11252.3125034
101698.678668
failed broarray('d', [500.0, 105.0, 123.1125, 141.225, 153.5625, 165.89999999999998, 181.3875, 197.1375, 4000.0])
failed 2failed 3