0.0
0.0
0.0
0.0
0.0
0.0
0.0
0.0
0.0
0.0

400.0
THIS
263.644828753
133531.886977
EQUALS
263.644828753
133531.886977
array('d', [500.0, 850.0, 4000.0])
-210.314126313
209.911388599


440.0
THIS
3903.2710444
269963.327754
EQUALS
3903.2710444
269963.327754
array('d', [500.0, 900.0, 1225.0, 4000.0])
-686.69712726
408.873755148
278.078188763


520.0
THIS
4158.13746949
209382.24525
EQUALS
4158.13746949
209382.24525
array('d', [500.0, 975.0, 1450.0, 4000.0])
-146.230318129
149.592023121
-8.12634727305


640.0
THIS
731.990809629
110437.411332
EQUALS
731.990809629
110437.411332
array('d', [500.0, 975.0, 2350.0, 4000.0])
533.215566296
-534.35677335


800.0
THIS
22.5580668817
35891.9519412
EQUALS
22.5580668817
35891.9519412
array('d', [500.0, 2175.0, 4000.0])
-126.707616138
126.055878554


1000.0
THIS
115.451765838
10629.4500258
EQUALS
115.451765838
10629.4501517
array('d', [500.0, 2250.0, 3075.0, 4000.0])
-26.6873933426
251.454174261
-225.965159458


1240.0
THIS
48.5324654363
2653.2293897
EQUALS
48.5324659583
2662.15605946
array('d', [500.0, 1950.0, 4000.0])
-1.51578553332


1520.0
THIS
15.6164402439
549.241981265
EQUALS
15.6181758018
616.085994685
array('d', [500.0, 2650.0, 4000.0])
-1.51050000122

8
[0.005354749493378955, 0.007735027047693657, 0.009287971923798835, 0.019492280241732152, 0.010910438920685127, 0.009322425111407077, 0.034692805306980136, -0.0011691313437316997]
