0.0
0.0
0.0
0.0
0.0
0.0
0.0
0.0
0.0
0.0

400.0
THIS
654.875545522
25079.8914655
EQUALS
654.875545522
25079.8416956
array('d', [500.0, 825.0, 950.0, 1100.0, 4000.0])
-2260.38729118
769.942368357
878.246040826
599.460026267


440.0
THIS
886.861040257
34824.8728206
EQUALS
886.861040257
34824.8728206
array('d', [500.0, 850.0, 1000.0, 1100.0, 1375.0, 4000.0])
-3872.5462457
1512.95361818
1124.14958471
1171.31094835
53.4957172575


470.0
THIS
1020.74075454
38979.6054636
EQUALS
1020.74075454
38979.6054636
array('d', [500.0, 775.0, 1000.0, 1125.0, 1325.0, 4000.0])
-36.2143276944
-70.5154571805
-157.120863748
242.73036786
-4.41290662429


500.0
THIS
1084.82057995
40867.4481696
EQUALS
1084.82057995
40867.4481696
array('d', [500.0, 850.0, 1050.0, 1150.0, 1400.0, 4000.0])
-3552.82926712
1190.1884833
1052.16465956
1207.09042455
86.3599230235


530.0
THIS
1369.23132661
52155.9965534
EQUALS
1369.23132661
52155.9965534
array('d', [500.0, 850.0, 1050.0, 1150.0, 1275.0, 4000.0])
-3278.60635646
954.624926506
770.438481386
933.619150536
593.01673735


570.0
THIS
1319.57812717
48214.5517038
EQUALS
1319.57812717
48214.5517038
array('d', [500.0, 850.0, 1075.0, 1200.0, 1350.0, 4000.0])
-2642.01230942
532.921265496
678.009259881
854.827903817
548.210539114


610.0
THIS
1134.88081184
43128.9492734
EQUALS
1134.88081184
43128.9492734
array('d', [500.0, 800.0, 1100.0, 1275.0, 1525.0, 4000.0])
-328.009555986
-90.8161911392
-71.3797639249
255.977840175
204.573509666


650.0
THIS
1164.44986999
45358.5084467
EQUALS
1164.44986999
45358.5084467
array('d', [500.0, 800.0, 1125.0, 1275.0, 1525.0, 4000.0])
-294.382549463
120.91278702
-164.432510211
308.15511747


700.0
THIS
1153.89740216
44962.3111043
EQUALS
1153.89740216
44962.3111043
array('d', [500.0, 900.0, 1125.0, 1300.0, 1525.0, 4000.0])
-8855.68427945
2151.81810754
2328.24360228
2415.04845307
1959.19296543


760.0
THIS
936.77215541
41751.3717697
EQUALS
936.77215541
41751.3717697
array('d', [500.0, 850.0, 1125.0, 1400.0, 1725.0, 4000.0])
142.973269126
-610.451770555
227.970489203
210.63527314


830.0
THIS
942.850023498
37710.7158053
EQUALS
942.850023498
37710.7158053
array('d', [500.0, 850.0, 1125.0, 1375.0, 1650.0, 4000.0])
-2567.22353726
466.496528131
388.767214648
847.150432281
837.330808951


910.0
THIS
838.691011357
41694.4593958
EQUALS
838.691011357
41694.9773842
array('d', [500.0, 875.0, 1175.0, 1350.0, 1900.0, 4000.0])
-7878.22831295
1547.30165512
1435.16752441
2101.56386142
2778.11338331


1030.0
THIS
846.699386467
36801.9446225
EQUALS
846.699386467
36801.9446225
array('d', [500.0, 825.0, 1125.0, 1400.0, 2100.0, 4000.0])
152.883866693
-579.97883729
-135.852705795
531.617660987


1180.0
THIS
1045.16490407
39605.3623331
EQUALS
1045.10172824
39606.4655461
array('d', [500.0, 900.0, 1150.0, 1325.0, 1675.0, 4000.0])
-10015.7122993
2054.8448742
1865.61974876
2590.51486731
3501.61436507


1460.0
THIS
1355.99671411
37949.0518651
EQUALS
1360.40399188
38040.0652377
array('d', [500.0, 800.0, 1125.0, 1325.0, 1575.0, 4000.0])
569.065706726
264.851050373
301.863247163
-1168.99277251

[0.026111578131183793, 0.025466310956159997, 0.026186533763017203, 0.02654485730186453, 0.02625261555904715, 0.027368876833645257, 0.026313667060281987, 0.025672137595906322, 0.025663658602506946, 0.022436919212554578, 0.025002177852191082, 0.02011516694329485, 0.023006919747105902, 0.026389479668838457, 0.03573203143334461]
