5.28361269056e-05
1.75606187283
2.10665500726
-1.16420179235e-07
21751.6237692
51122.992032
-0.00169956149535
30073.3797345
-0.00205114859613
6.72790928227e-11

400.0
THIS
1314.27901253
67802.3455156
EQUALS
1314.27901253
67802.3455156
array('d', [500.0, 775.0, 925.0, 975.0, 1050.0, 1150.0, 1350.0, 4000.0])
-942.114051308
-264.488713569
721.723950526
-424.395427078
631.710492466
207.222939962


440.0
THIS
2119.95162658
114688.929748
EQUALS
2119.95162658
114688.929748
array('d', [500.0, 775.0, 975.0, 1025.0, 1075.0, 1150.0, 1250.0, 1475.0, 4000.0])
232.42443858
875.635649785
75.1397450148
-893.706960432
242.444362489
-575.635397341
-50.6412936324


520.0
THIS
1479.13081471
74161.1885974
EQUALS
1479.13081471
74161.1885974
array('d', [500.0, 825.0, 1100.0, 1175.0, 1250.0, 1350.0, 1475.0, 4000.0])
862.095757511
22.1151845565
280.339342437
25.2666455021
967.283206321
-2231.57953499


640.0
THIS
426.054659027
24416.7196436
EQUALS
426.054659027
24416.7196436
array('d', [500.0, 975.0, 1350.0, 1525.0, 1750.0, 4000.0])
411.063620992
-356.36986703
10.4430834176
-94.919906308


800.0
THIS
83.8884320907
5478.51408829
EQUALS
83.8884320907
5478.51408829
array('d', [500.0, 1200.0, 1750.0, 4000.0])
-1712.51991898
760.951352248
948.077060539


1000.0
THIS
17.1644768937
1159.61490226
EQUALS
17.1644768937
1160.61490226
array('d', [500.0, 1450.0, 2900.0, 4000.0])
-411.122297075
395.579671243


1240.0
THIS
1.00815240519
182.66480712
EQUALS
1.00815240519
183.66480712
array('d', [500.0, 2850.0, 4000.0])
-27.5543071127
28.5625939118


1520.0
THIS
1.0
49.9551759274
EQUALS
1.0
53.9551759274
array('d', [500.0, 3225.0, 4000.0])
-1.01769982854

8
[0.01919174081098229, 0.01916724810732085, 0.018947262896907624, 0.018453424169717722, 0.01597845017303507, 0.021079034057725054, 0.013028047002722754, 0.09796754511733625]
