0.0
0.0
0.0
0.0
0.0
0.0
0.0
0.0
0.0
0.0

400.0
THIS
2274.09659183
154660.33172
EQUALS
2274.09659183
154660.331688
array('d', [500.0, 850.0, 1025.0, 1300.0, 4000.0])
-89.8647187213
1268.62727957
1375.76177494
-2554.36136386


440.0
THIS
4019.40055044
301543.937494
EQUALS
4019.40055044
301543.937494
array('d', [500.0, 825.0, 1075.0, 1250.0, 4000.0])
-4420.01998016
1861.34284549
1719.29676438
831.958622402


520.0
THIS
2763.08842561
240826.22316
EQUALS
2763.08842561
240826.22316
array('d', [500.0, 950.0, 1300.0, 1675.0, 4000.0])
-723.480084905
75.1242539391
663.109647313
-26.1287651605


640.0
THIS
959.018133587
93204.7965469
EQUALS
959.018133587
93204.7965469
array('d', [500.0, 1125.0, 1625.0, 4000.0])
-584.47418107
207.205996662
370.342856641


800.0
THIS
127.208477252
25518.3212587
EQUALS
127.208477252
25518.3212587
array('d', [500.0, 1125.0, 2050.0, 4000.0])
-535.052125558
528.918681464


1000.0
THIS
60.0220175515
6093.00705812
EQUALS
60.0220175515
6093.23034595
array('d', [500.0, 1650.0, 2425.0, 4000.0])
-94.6663927851
-104.166084503
191.001611497


1240.0
THIS
7.14957363447
1385.24313083
EQUALS
7.14957363447
1396.53480448
array('d', [500.0, 2575.0, 4000.0])
-130.611473179
128.417526829


1520.0
THIS
2.26238442367
309.764521098
EQUALS
2.33847631506
355.425700307
array('d', [500.0, 2475.0, 4000.0])
-1.13438462821

8
[0.008508908548186206, 0.006349120867266383, 0.007113042895569576, 0.006231837551254058, 0.006711050914195363, 0.007379183555007933, 0.0050669298018910895, 0.00814559951307544]
