3.12796239157e-11
-2.18699672463e-06
2.79940729455e-06
-9.68170479662e-15
0.34482626589
0.293998613399
-1.01598898436e-09
0.565252736984
1.30106027179e-09
6.75835254558e-18

400.0
THIS
4335.35795531
259480.407862
EQUALS
4335.35795531
259480.407862
array('d', [500.0, 725.0, 900.0, 925.0, 975.0, 1025.0, 1100.0, 1200.0, 4000.0])
-140296.343301
32854.7867493
21774.0307514
29534.4308755
19214.3077686
12848.7831651
16228.1220598
7826.1676176


440.0
THIS
7132.03240613
480655.953872
EQUALS
7132.03240613
480655.953872
array('d', [500.0, 675.0, 975.0, 1025.0, 1075.0, 1125.0, 1175.0, 1250.0, 1375.0, 4000.0])
-4352.18830548
-1410.78676535
953.202514028
48.9141887734
1107.80595003
2270.1640726
972.810541887
264.671465509


520.0
THIS
4738.99070744
342524.344662
EQUALS
4738.99070744
342524.344662
array('d', [500.0, 825.0, 1125.0, 1175.0, 1250.0, 1350.0, 1475.0, 4000.0])
-1025.42009723
1041.02814178
8.6376843358
-175.252952287
421.429861516
-351.812347367


640.0
THIS
1457.72365607
126110.05746
EQUALS
1457.72365607
126110.05746
array('d', [500.0, 1050.0, 1375.0, 1550.0, 1850.0, 4000.0])
-22968.4242867
5576.07238314
6558.38231768
5235.2127755
5612.2310546


800.0
THIS
346.881090007
31751.8214163
EQUALS
346.881090007
31752.8214163
array('d', [500.0, 1200.0, 1650.0, 1775.0, 4000.0])
-8373.2943782
2895.40173385
4505.53532721
962.511229777


1000.0
THIS
42.3300594444
7010.92870615
EQUALS
42.3300594444
7011.92870615
array('d', [500.0, 1575.0, 2075.0, 4000.0])
-1709.39665283
1592.66659486
118.184670531


1240.0
THIS
-0.495868456719
1521.78063583
EQUALS
-0.495868456719
1528.78063583
array('d', [500.0, 4000.0])
0.0237751178743


1520.0
THIS
5.9984389388
263.030168668
EQUALS
7.9984389388
298.030168668
array('d', [500.0, 3200.0, 4000.0])
-209.604454984
210.521297428

8
[0.016984788423102262, 0.014672635184465741, 0.012510218195181905, 0.011904246975268222, 0.00786765810352909, 0.012942008906001945, 0.020697774555712332, -4.504885874988924e-07]
