0.0
0.0
0.0
0.0
0.0
0.0
0.0
0.0
0.0
0.0

400.0
THIS
2469.73145355
215809.121194
EQUALS
2469.73145355
215809.121167
array('d', [500.0, 725.0, 925.0, 975.0, 1025.0, 1100.0, 1225.0, 4000.0])
38.2786178855
132.584858669
-288.841131536
-500.605726901
-495.323443767
1018.03980098


440.0
THIS
3760.44657112
326545.553357
EQUALS
3760.44657112
326545.553357
array('d', [500.0, 800.0, 1000.0, 1050.0, 1100.0, 1175.0, 1250.0, 1400.0, 4000.0])
-1227.33205081
-2196.98566642
2589.2869524
2860.83274152
-1277.53752755
1343.70844057
-2752.02966687
537.552807286


520.0
THIS
2484.33527462
228378.974586
EQUALS
2484.33527462
228378.974586
array('d', [500.0, 950.0, 1175.0, 1250.0, 1325.0, 1425.0, 1600.0, 4000.0])
-139.544110351
787.202976982
3600.24603223
-1140.52663909
-259.817584731
-692.189727436
-2240.48815323


640.0
THIS
947.914508231
98661.3316378
EQUALS
947.914508231
98661.3316378
array('d', [500.0, 975.0, 1425.0, 1525.0, 1675.0, 2150.0, 4000.0])
767.185958329
2256.86825734
81.0979435999
-2985.9757095
-160.750600849


800.0
THIS
275.695659972
32783.2742501
EQUALS
275.695659972
32783.2742501
array('d', [500.0, 1225.0, 1850.0, 2100.0, 4000.0])
-9.93537640919
22.0991823862
-220.430375008
189.589390215


1000.0
THIS
97.371742119
9349.10987286
EQUALS
97.371742119
9349.10987286
array('d', [500.0, 1775.0, 2325.0, 2725.0, 4000.0])
-71.6266032063
134.716819365
54.3503748657
-130.727134004


1240.0
THIS
13.442453738
2472.1399649
EQUALS
13.442453738
2489.20547209
array('d', [500.0, 2625.0, 3300.0, 4000.0])
-204.025050505
451.641423718
-250.616242942


1520.0
THIS
7.5845921542
529.547419746
EQUALS
10.5845921542
601.176013546
array('d', [500.0, 2825.0, 3700.0, 4000.0])
-172.308506099
275.736335243
-102.451823495

8
[0.010212795674118235, 0.01080866161497297, 0.009537009928126658, 0.007257906653072483, 0.006351688240339263, 0.008807795791447685, 0.011243943180610491, 0.03532475444726305]
