6.0756210194e-12
-4.49936271786e-07
-1.34648731411e-06
8.05204567269e-16
0.0752230634072
-0.149755707226
8.96172107713e-11
0.672930641856
2.67939992206e-10
2.40703734537e-19

400.0
THIS
5088.33915696
295064.191164
EQUALS
5088.33915696
295064.191164
array('d', [500.0, 800.0, 1050.0, 4000.0])
-590.947807739
413.104520544
175.177156832


440.0
THIS
7859.1291427
598318.172992
EQUALS
7859.1291427
598318.172992
array('d', [500.0, 875.0, 1175.0, 4000.0])
-1566.50321734
1166.60607779
400.593040996


520.0
THIS
5142.94391815
485552.375144
EQUALS
5142.94391815
485552.375144
array('d', [500.0, 1000.0, 1275.0, 4000.0])
-312.061757657
240.928577754
64.6399959035


640.0
THIS
1026.08424272
185797.349736
EQUALS
1026.08424272
185797.349736
array('d', [500.0, 1175.0, 4000.0])
-627.919618285
628.894977671


800.0
THIS
450.515405753
46810.6999424
EQUALS
450.515405753
46810.6999424
array('d', [500.0, 1350.0, 1900.0, 4000.0])
-930.321254627
695.901276013
232.89616904


1000.0
THIS
76.1271224846
12359.9933069
EQUALS
76.1271224846
12359.99346
array('d', [500.0, 1450.0, 2575.0, 4000.0])
-395.045286073
442.249942215
-46.3826595743


1240.0
THIS
16.318638417
2760.54266924
EQUALS
16.318638417
2766.27990654
array('d', [500.0, 2075.0, 4000.0])
875.582496449
35.2546789775


1520.0
THIS
6.4837001262
541.131161658
EQUALS
6.52715551832
635.735422328
array('d', [500.0, 2675.0, 4000.0])
-137.345190539
138.103528679

8
[0.017283541841492674, 0.011656847869070902, 0.008541317738543951, 0.008497000330612198, 0.004514999752841357, 0.002766385837542951, 0.0019703530747329267, -1.9558387560917422e-07]
