0.0
0.0
0.0
0.0
0.0
0.0
0.0
0.0
0.0
0.0

400.0
THIS
1049.50441535
36932.987651
EQUALS
1049.50441535
36932.9468396
array('d', [500.0, 825.0, 925.0, 975.0, 1025.0, 1125.0, 1300.0, 4000.0])
-7351.9049303
1699.97339595
1515.37710188
1315.20423865
1109.11656716
1417.73524152
229.123367684


440.0
THIS
1270.39642059
43948.9459387
EQUALS
1270.39642059
43948.9459387
array('d', [500.0, 775.0, 950.0, 1000.0, 1050.0, 1125.0, 1250.0, 4000.0])
-2567.3043483
117.238454532
-291.730867845
799.816430282
959.434771279
345.944050854
555.538574841


470.0
THIS
1396.01272361
48594.0048258
EQUALS
1396.01272361
48594.0048258
array('d', [500.0, 750.0, 975.0, 1025.0, 1075.0, 1150.0, 1250.0, 4000.0])
-3.27422947361
-1638.37508071
263.898234721
387.424280892
488.583723646
139.227990266
279.995707546


500.0
THIS
1392.93915189
48429.5617494
EQUALS
1392.93915189
48429.5617494
array('d', [500.0, 775.0, 1000.0, 1075.0, 1150.0, 1250.0, 1425.0, 4000.0])
-176.989952523
-274.647307451
421.167728528
-215.531072722
-161.856239495
361.662457481
-35.844354262


530.0
THIS
1821.16139822
60377.1825918
EQUALS
1821.16139822
60377.1825918
array('d', [500.0, 825.0, 1000.0, 1075.0, 1150.0, 1225.0, 1325.0, 4000.0])
-2103.04943551
-190.631127539
588.280806502
796.75445299
1581.07843612
28.2535638682
-798.064412471


570.0
THIS
1211.88606611
41474.3210882
EQUALS
1211.88606611
41474.2713183
array('d', [500.0, 850.0, 1025.0, 1125.0, 1200.0, 1275.0, 1425.0, 4000.0])
-3978.04820719
304.517605736
512.169532818
1022.41847195
1018.68778054
505.873361672
538.892150393


600.0
THIS
1795.64488619
61688.0889295
EQUALS
1795.64488619
61688.0889295
array('d', [500.0, 725.0, 1025.0, 1125.0, 1200.0, 1300.0, 1425.0, 1775.0, 4000.0])
65.9204503948
242.257831312
527.584183794
-202.163437143
-268.331251842
-265.147766706
-196.111708823


650.0
THIS
1451.38164901
51798.5727335
EQUALS
1451.38164901
51798.5727335
array('d', [500.0, 800.0, 1025.0, 1125.0, 1250.0, 1350.0, 1475.0, 1775.0, 4000.0])
9.72415679216
-18.5675370024
-832.674904021
278.410067368
88.6697987681
356.00902452
31.6543594163


700.0
THIS
1522.36614049
51739.3298965
EQUALS
1522.36614049
51739.3298965
array('d', [500.0, 775.0, 1050.0, 1175.0, 1300.0, 1425.0, 1600.0, 4000.0])
-168.95758333
-564.434020298
-235.544625234
648.564513871
184.493339549
50.869998901


760.0
THIS
1428.62591234
48398.4021353
EQUALS
1428.62591234
48398.4021353
array('d', [500.0, 850.0, 1050.0, 1175.0, 1300.0, 1450.0, 1650.0, 4000.0])
503.768647271
-292.336126141
-205.951835382
409.343423794
-237.728068701
-259.979401126


830.0
THIS
1179.24108337
43912.6039385
EQUALS
1179.24108337
43912.6039385
array('d', [500.0, 775.0, 1050.0, 1175.0, 1325.0, 1500.0, 1800.0, 4000.0])
-7216.96517409
1432.96121041
1510.18158173
1735.05085636
1337.41743532
800.481595727
330.078205422


910.0
THIS
1360.73388094
49003.9359345
EQUALS
1360.73388094
49003.8603548
array('d', [500.0, 825.0, 1050.0, 1175.0, 1300.0, 1475.0, 1800.0, 4000.0])
-882.695472673
-78.726384609
813.759306259
878.577178792
380.552161772
-781.24551051
-413.133077513


1030.0
THIS
1206.14398562
44592.6380598
EQUALS
1206.14398562
44592.6380598
array('d', [500.0, 850.0, 1050.0, 1175.0, 1300.0, 1475.0, 1875.0, 4000.0])
-9244.49163936
2045.69866972
1636.96047223
1633.2631053
1695.93181747
877.747306437
1285.83984841


1190.0
THIS
1305.68326701
46687.0562108
EQUALS
1305.63146283
46688.879057
array('d', [500.0, 850.0, 1050.0, 1175.0, 1325.0, 1500.0, 1800.0, 4000.0])
-7796.84992357
2322.95821431
2400.4603873
961.214502201
1071.80684702
1239.16745837
-273.546833198


1480.0
THIS
1805.60453098
45056.2880383
EQUALS
1812.06650649
45207.3490651
array('d', [500.0, 800.0, 1075.0, 1175.0, 1275.0, 1400.0, 1550.0, 1850.0, 4000.0])
1283.9003337
1170.13381764
772.584305874
710.404122963
372.857436099
-327.97126622
-4084.52974379

[0.028416450498620762, 0.02890618633628642, 0.028728085462651324, 0.02876216718816834, 0.030163073532886903, 0.02922015440682406, 0.029108453793094125, 0.028019722791861663, 0.029423769954698715, 0.029518038805213382, 0.02685427366177014, 0.027767848745100774, 0.027048051833086135, 0.027966707969675274, 0.040074418235417464]
