0.0
0.0
0.0
0.0
0.0
0.0
0.0
0.0
0.0
0.0

400.0
THIS
426.982609718
16004.1386598
EQUALS
426.982609718
16004.0888899
array('d', [500.0, 825.0, 925.0, 1000.0, 1125.0, 4000.0])
-4301.51059929
1523.73327023
1012.4521015
909.134876031
821.39799148


430.0
THIS
847.82933339
28372.516868
EQUALS
847.82933339
28372.516868
array('d', [500.0, 775.0, 925.0, 975.0, 1050.0, 1150.0, 1450.0, 4000.0])
-764.799001561
176.764379828
-488.466456298
487.298205231
204.207009924
458.556189263
-138.952465411


460.0
THIS
971.188389003
32998.5285713
EQUALS
971.188389003
32998.5285713
array('d', [500.0, 775.0, 975.0, 1025.0, 1100.0, 1225.0, 4000.0])
-212.959848892
-1087.49329341
511.255610949
249.470521583
297.773709568
176.719422795


490.0
THIS
1006.60746738
34524.733767
EQUALS
1006.60746738
34524.733767
array('d', [500.0, 775.0, 975.0, 1050.0, 1125.0, 1225.0, 1500.0, 4000.0])
-37.9515278345
-539.534241117
-198.598466071
99.1275354385
410.098512559
167.800745485
31.4915555138


520.0
THIS
1331.91235662
43349.792733
EQUALS
1331.91235662
43349.792733
array('d', [500.0, 850.0, 1000.0, 1075.0, 1150.0, 1225.0, 1350.0, 4000.0])
-5785.8680446
229.528526891
1404.61486184
1293.6120042
1189.37828967
1485.40529529
103.900432841


560.0
THIS
1122.46589898
39149.9418684
EQUALS
1122.46589898
39149.9418684
array('d', [500.0, 850.0, 1025.0, 1100.0, 1200.0, 1300.0, 1550.0, 4000.0])
-7885.60347731
1018.50259468
1546.3102846
1821.15276419
1734.7408783
1475.71504995
223.383803417


600.0
THIS
1025.58145448
34613.2900689
EQUALS
1025.58145448
34613.2900689
array('d', [500.0, 725.0, 1025.0, 1125.0, 1225.0, 1350.0, 1650.0, 4000.0])
-370.07008301
149.596529529
457.540491569
-607.4706549
268.907026221
33.5241643884


640.0
THIS
785.357175244
29257.2693154
EQUALS
785.357175244
29257.2693154
array('d', [500.0, 850.0, 1050.0, 1175.0, 1300.0, 1475.0, 4000.0])
-4762.15284678
1043.74898726
681.016250234
1220.23279716
1029.89068403
734.030954194


680.0
THIS
1052.81474138
36681.117271
EQUALS
1052.81474138
36681.117271
array('d', [500.0, 775.0, 1025.0, 1125.0, 1250.0, 1375.0, 1600.0, 4000.0])
21.679153588
181.052312168
-703.632878203
293.437861226
-78.8757878242
215.487968597


740.0
THIS
992.09804256
33639.0110913
EQUALS
992.09804256
33639.0110913
array('d', [500.0, 850.0, 1025.0, 1125.0, 1250.0, 1375.0, 1600.0, 4000.0])
-7034.51335361
1232.96599503
1381.99515503
1302.91656663
1433.40213278
1054.84534778
564.836265602


810.0
THIS
792.447552489
29814.8957847
EQUALS
792.447552489
29814.8957847
array('d', [500.0, 825.0, 1050.0, 1175.0, 1325.0, 1600.0, 4000.0])
-19670.4628297
4775.58666484
4160.88950828
4013.3425969
4070.68510499
2630.91909691


890.0
THIS
873.675854535
30571.5972942
EQUALS
873.675854535
30571.5972942
array('d', [500.0, 850.0, 1050.0, 1175.0, 1325.0, 1575.0, 4000.0])
-7735.22052419
1404.0985147
1764.94057305
1783.07413657
1410.43446895
1319.79333519


1000.0
THIS
787.117024862
30436.5057354
EQUALS
787.117024862
30436.5057354
array('d', [500.0, 850.0, 1050.0, 1175.0, 1300.0, 1500.0, 2425.0, 4000.0])
-19821.9124321
4482.95453266
4028.61367429
3710.54217165
3701.98468709
3724.94739826
151.609456464


1160.0
THIS
847.386902285
30220.6659363
EQUALS
847.323726458
30220.6027604
array('d', [500.0, 850.0, 1050.0, 1175.0, 1325.0, 1575.0, 4000.0])
-5340.78220433
1915.77775109
1534.38290746
1083.60421361
465.918722799
284.40704154


1440.0
THIS
1199.34812077
30215.755791
EQUALS
1202.26772507
30267.6561991
array('d', [500.0, 800.0, 1050.0, 1150.0, 1250.0, 1375.0, 1600.0, 4000.0])
903.133173546
1050.04410202
475.382000314
297.215869116
-172.056102469
-2632.01499659

[0.026679512018417586, 0.029882062889776035, 0.029431263485102284, 0.029156125407615256, 0.03072476873929907, 0.02867094676025374, 0.0296297015520852, 0.026843146801520976, 0.028701817711788587, 0.029492485372597962, 0.026578914050588202, 0.02857802443645684, 0.025860952361083493, 0.02803998111995155, 0.03969280560347069]
