0.0
0.0
0.0
0.0
0.0
0.0
0.0
0.0
0.0
0.0

400.0
THIS
1069.79395989
42209.1075168
EQUALS
1069.79395989
42209.0667055
array('d', [500.0, 825.0, 975.0, 1075.0, 1250.0, 4000.0])
-2820.72434196
923.773353685
850.346075739
939.789043775
86.5562048458


440.0
THIS
1424.58839574
55671.3059446
EQUALS
1424.58839574
55671.3059446
array('d', [500.0, 825.0, 1000.0, 1100.0, 1275.0, 4000.0])
-3539.5592364
1017.02505177
1110.96356365
1011.27178675
377.237805964


470.0
THIS
1572.81534771
60838.2639506
EQUALS
1572.81534771
60838.2639506
array('d', [500.0, 775.0, 1025.0, 1125.0, 1275.0, 4000.0])
-49.8266493043
-249.064293928
-228.393762418
271.026286005
223.770950117


500.0
THIS
2371.42685185
82575.8455517
EQUALS
2371.42685185
82575.8455517
array('d', [500.0, 825.0, 1025.0, 1125.0, 1225.0, 1525.0, 4000.0])
-683.18021738
238.250325406
184.296725844
405.980771521
-309.446805128
120.687240499


540.0
THIS
2073.92186817
77514.1429105
EQUALS
2073.92186817
77514.2987967
array('d', [500.0, 850.0, 1050.0, 1175.0, 1300.0, 1650.0, 4000.0])
-4046.11252466
1054.22780419
903.446466626
841.503160882
1040.28710051
169.935944116


580.0
THIS
1551.8139663
54467.7526384
EQUALS
1551.8139663
54470.9908661
array('d', [500.0, 850.0, 1100.0, 1250.0, 1400.0, 4000.0])
-1823.7169196
138.006942244
304.746375842
642.782708596
704.33722037


610.0
THIS
2121.34467836
80385.4540178
EQUALS
2121.34467836
80385.4540178
array('d', [500.0, 800.0, 1100.0, 1250.0, 1400.0, 1675.0, 4000.0])
-531.358703084
9.45985646988
-238.607387704
40.2687752625
528.06873947
146.380980282


660.0
THIS
1638.33425953
68055.1906866
EQUALS
1638.33425953
68055.7433891
array('d', [500.0, 875.0, 1125.0, 1275.0, 1450.0, 1800.0, 4000.0])
-5163.81489157
961.766139186
1151.00760167
1285.17215149
1451.82064655
281.572067034


710.0
THIS
1814.9101773
68195.3446648
EQUALS
1814.9101773
68195.3446648
array('d', [500.0, 875.0, 1125.0, 1275.0, 1475.0, 1750.0, 4000.0])
-12097.1678918
2355.43965223
2276.06149727
2781.0425617
3270.37195247
1399.43640209


770.0
THIS
1656.7205339
64533.2056103
EQUALS
1656.7205339
64533.2056103
array('d', [500.0, 850.0, 1125.0, 1325.0, 1550.0, 1875.0, 4000.0])
58.2416773677
-190.966967126
170.230789936
218.633075883
-302.436467754


840.0
THIS
1530.80423396
64792.363039
EQUALS
1530.80423396
64792.56435
array('d', [500.0, 850.0, 1150.0, 1350.0, 1600.0, 1950.0, 4000.0])
-7861.08281442
1108.54757552
1180.52935689
1562.16184363
2236.6872143
1736.10674369


930.0
THIS
1304.05176306
59586.8623684
EQUALS
1304.05176306
59588.1462178
array('d', [500.0, 875.0, 1175.0, 1375.0, 1700.0, 2200.0, 4000.0])
-14712.8358933
2058.5664125
2166.02552807
2495.39478557
5757.13263864
2217.66581095


1040.0
THIS
1599.63820058
64017.3480025
EQUALS
1599.63820058
64020.3192875
array('d', [500.0, 825.0, 1125.0, 1350.0, 1625.0, 2175.0, 4000.0])
440.688504743
-388.531107526
143.984483717
-193.18791802
-57.0006089108


1210.0
THIS
1624.70643083
60395.6139267
EQUALS
1624.65462665
60400.8905749
array('d', [500.0, 900.0, 1175.0, 1350.0, 1650.0, 2525.0, 4000.0])
-20226.8101751
2532.21278642
2298.01005084
2831.90612371
5760.91625059
6788.62953913


1490.0
THIS
2222.07422507
59613.6593802
EQUALS
2231.93283436
59879.7938402
array('d', [500.0, 800.0, 1150.0, 1325.0, 1525.0, 1875.0, 3900.0, 4000.0])
730.889542909
717.478119193
582.794083617
334.019264905
-2465.707718
47.1569886121

[0.025345097843373902, 0.02558927568827916, 0.025852403496994237, 0.028718166141720392, 0.026755399599329842, 0.028490508440917797, 0.026389658480932335, 0.02407361206398695, 0.02661340280956236, 0.025672373133072867, 0.023626306591731087, 0.02188488722566512, 0.02498757368886846, 0.026901066570828688, 0.03727458183533964]
