7.69341012912e-07
-0.176540830067
0.015989427395
-3.58341077611e-09
40588.7930824
4482.36076985
-0.000429649001023
427.992615908
-0.000111413510808
1.31681255121e-11

400.0
THIS
44900.8322577
487564.560423
EQUALS
44900.8322577
487564.560423
array('d', [500.0, 675.0, 925.0, 950.0, 975.0, 1000.0, 1025.0, 1050.0, 1075.0, 1100.0, 1125.0, 1150.0, 1175.0, 1225.0, 1275.0, 1325.0, 1425.0, 4000.0])
-48.5673908933
-441.181336416
-1278.84603368
-2285.32828049
34.0214300204
-1747.67951525
495.919171515
-254.050482731
696.098750259
204.002820718
-73.5769109548
306.305413284
1536.48928244
503.41797103
1361.72434919
-277.655029644
422.413782251


540.0
THIS
6293.68712419
69705.8012642
EQUALS
6293.68712419
69705.8012642
array('d', [500.0, 800.0, 1075.0, 1125.0, 1175.0, 1225.0, 1275.0, 1350.0, 1425.0, 1575.0, 4000.0])
-633.822924667
-198.242152379
-350.573439209
349.293898165
-40.087825288
-39.6519699526
597.57486757
-176.405140301
257.905961886


570.0
THIS
4522.25267142
52132.8067247
EQUALS
4522.25267142
52132.8067247
array('d', [500.0, 900.0, 1125.0, 1175.0, 1225.0, 1275.0, 1325.0, 1400.0, 1500.0, 1700.0, 4000.0])
-440.576964515
-780.026032639
-273.923469121
451.261846379
334.59292124
342.710048855
-28.4939820444
171.859566945
27.4549643889


600.0
THIS
5204.62909578
59715.5334617
EQUALS
5204.62909578
59715.5334617
array('d', [500.0, 800.0, 1150.0, 1225.0, 1275.0, 1325.0, 1375.0, 1425.0, 1500.0, 1625.0, 4000.0])
202.31300108
-693.22393585
454.452267237
-558.105317488
168.288239462
64.6268007822
451.308314999
-182.668968018
-121.589532246


650.0
THIS
3990.07110539
47110.9463428
EQUALS
3990.07110539
47110.9463428
array('d', [500.0, 850.0, 1250.0, 1325.0, 1400.0, 1450.0, 1525.0, 1625.0, 1750.0, 2125.0, 4000.0])
-436.722756927
-99.6832952248
-27.599537303
722.13973087
-709.751751136
-147.154371328
88.1769551025
388.454375678
44.5833020637


720.0
THIS
3146.40993967
35500.7190794
EQUALS
3146.40993967
35500.7190794
array('d', [500.0, 1000.0, 1400.0, 1500.0, 1575.0, 1650.0, 1725.0, 1825.0, 1975.0, 4000.0])
-361.951130746
-648.678142476
-276.363265964
9.32773962847
140.621232625
151.843586428
263.818735078
566.031898648


850.0
THIS
1354.68294804
14993.9765922
EQUALS
1354.68294804
14993.9765922
array('d', [500.0, 1225.0, 1725.0, 1850.0, 1975.0, 2100.0, 2275.0, 2775.0, 4000.0])
-249.088115135
122.594488825
-146.549629491
-57.5625060783
153.390957609
161.483396821
-76.7566550745


1100.0
THIS
342.704000785
2892.62114069
EQUALS
343.704000785
2910.62114069
array('d', [500.0, 1675.0, 2425.0, 2675.0, 2975.0, 3950.0, 4000.0])
-17.8739894778
-251.497491669
37.4845514557
92.3833388716
99.3115687561
2.28905167949

8
[0.10650296260827048, 0.09439752888419883, 0.09431790920455237, 0.09206660802601004, 0.09031746841026779, 0.08508061835331744, 0.09427290158456085, 0.10440303138526547]
