0.0
0.0
0.0
0.0
0.0
0.0
0.0
0.0
0.0
0.0

400.0
THIS
788.068745553
5636.11909044
EQUALS
788.068745553
5636.11909044
array('d', [500.0, 1075.0, 1175.0, 1225.0, 1300.0, 1450.0, 1675.0, 4000.0])
-219.619704217
-16.4940915825
113.45132891
13.2152680242
-128.640984964
169.729931614
1.76749817186


540.0
THIS
703.098797053
5723.58199954
EQUALS
703.098797053
5723.58199954
array('d', [500.0, 975.0, 1200.0, 1250.0, 1350.0, 1500.0, 4000.0])
13.316278817
73.719040835
20.8156396616
76.9182381485
-242.511816403


570.0
THIS
753.641053945
7090.76098168
EQUALS
753.641053945
7090.76098168
array('d', [500.0, 1050.0, 1225.0, 1300.0, 1400.0, 1575.0, 4000.0])
-1.32595445154
-237.699954086
22.7119767722
18.2767353929
84.1305818858
56.7540692869


600.0
THIS
1114.01753679
10252.4585949
EQUALS
1114.01753679
10252.4585949
array('d', [500.0, 950.0, 1250.0, 1325.0, 1400.0, 1500.0, 1700.0, 4000.0])
-182.844934119
-201.44128022
245.586909224
57.50612841
17.3804230125
-10.6972382885


650.0
THIS
985.937821686
9114.19934297
EQUALS
985.937821686
9114.19934297
array('d', [500.0, 1000.0, 1325.0, 1425.0, 1500.0, 1650.0, 4000.0])
-28.7027959964
-75.0176379486
78.0643197987
2.52519262783
-41.1647640979


720.0
THIS
643.961239994
6574.52999896
EQUALS
643.961239994
6574.52999896
array('d', [500.0, 1125.0, 1475.0, 1625.0, 1750.0, 2025.0, 4000.0])
-146.437167835
-15.6347857987
-3.85775789846
87.5227410515
33.0697658476
-5.20042771536


850.0
THIS
269.173463821
2889.76561797
EQUALS
269.173463821
2894.76561797
array('d', [500.0, 1150.0, 1825.0, 2150.0, 2575.0, 4000.0])
15.5974393371
-90.5204825279
95.7661404953
-47.2349859157

7
[0.15431430003210006, 0.13583238673171022, 0.1448997031999722, 0.1210933868675632, 0.10983496384103852, 0.11373739550540715, 0.11159789785423478]
