0.0
0.0
0.0
0.0
0.0
0.0
0.0
0.0
0.0
0.0

400.0
THIS
495.976533699
41801.3975695
EQUALS
495.976533699
41801.3975695
array('d', [500.0, 775.0, 1100.0, 4000.0])
-318.108814112
310.727150277


440.0
THIS
859.71372777
90481.4089093
EQUALS
859.71372777
90481.4089093
array('d', [500.0, 800.0, 1150.0, 1375.0, 4000.0])
-279.471700067
425.847565368
-157.345138678


520.0
THIS
613.860085263
86926.879299
EQUALS
613.860085263
86926.879299
array('d', [500.0, 925.0, 1400.0, 4000.0])
-2860.10673468
1827.68971146
1030.20722144


640.0
THIS
314.403389587
44697.4535008
EQUALS
314.403389587
44697.4535008
array('d', [500.0, 1075.0, 1825.0, 4000.0])
-2156404.82655
1489.79096993
660.897409622


800.0
THIS
88.1869833455
14772.853856
EQUALS
88.1869833455
14772.853856
array('d', [500.0, 1275.0, 4000.0])
-1.64406929408


1000.0
THIS
24.247412571
4052.63228147
EQUALS
24.247412571
4053.63228147
array('d', [500.0, 1575.0, 2275.0, 4000.0])
-705.730548041
697.258578761
9.43444493999


1240.0
THIS
14.0633075733
1047.3646502
EQUALS
14.0633075733
1051.36423034
array('d', [500.0, 1975.0, 2675.0, 4000.0])
75.772628209
-79.5998513364


1520.0
THIS
5.99854816141
203.820094456
EQUALS
6.88785114529
231.528964149
array('d', [500.0, 2400.0, 4000.0])
-2.42122499401

8
[0.012357755710555236, 0.01300123338346124, 0.009064682506944984, 0.004038023580722965, 0.003242882723182051, -0.00034921908714472764, 0.018998501953699082, 0.026324823994307626]
