0.0
0.0
0.0
0.0
0.0
0.0
0.0
0.0
0.0
0.0

400.0
THIS
3816.36381561
39685.3495647
EQUALS
3816.36381561
39685.3495647
array('d', [500.0, 750.0, 950.0, 1000.0, 1050.0, 1125.0, 1225.0, 1325.0, 4000.0])
-134.26904377
-20.820884665
-11.059831363
-248.153767414
101.161786793
363.436288785
-188.486536573


540.0
THIS
470.390333333
5173.04447758
EQUALS
470.390333333
5173.04447758
array('d', [500.0, 950.0, 1125.0, 1225.0, 1350.0, 1700.0, 4000.0])
-56.8919899407
48.8568659697
79.0735753472
-74.5863535519
-38.705506973


570.0
THIS
260.922743232
3823.7477355
EQUALS
260.922743232
3823.7477355
array('d', [500.0, 975.0, 1325.0, 1500.0, 4000.0])
-166.255507294
70.193861429
76.8815700437


600.0
THIS
404.780000564
4116.82196689
EQUALS
404.780000564
4116.82196689
array('d', [500.0, 975.0, 1275.0, 1375.0, 1550.0, 4000.0])
-24.6478758897
65.2522419559
-6.60077637823
-69.7178021362


650.0
THIS
266.168397109
3273.05465215
EQUALS
266.168397109
3273.05465215
array('d', [500.0, 1050.0, 1375.0, 1475.0, 4000.0])
-23.4489933323
187.615466724
-186.547314271


720.0
THIS
161.805939475
2236.67822826
EQUALS
161.805939475
2236.67822826
array('d', [500.0, 1125.0, 1775.0, 2225.0, 4000.0])
-835.170895907
146.896278287
634.787002778
46.0953239599


850.0
THIS
79.2703484371
929.282810789
EQUALS
79.2703484371
929.282810789
array('d', [500.0, 1300.0, 1800.0, 4000.0])
60.4470106913
-69.5889415093


1100.0
THIS
11.747464531
166.582033328
EQUALS
11.747464531
168.582033328
array('d', [500.0, 1850.0, 2725.0, 4000.0])
-88.8090190068
87.6275214689
2.10579579033

8
[0.10451108708703483, 0.09204096737336313, 0.10250701189011054, 0.09357706932902443, 0.07146682368561057, 0.050517203712412626, 0.08747234858881679, 0.13172235947936234]
