0.0
0.0
0.0
0.0
0.0
0.0
0.0
0.0
0.0
0.0

400.0
THIS
810.744231631
54108.936036
EQUALS
810.744231631
54108.936036
array('d', [500.0, 875.0, 4000.0])
-53.7336513871
54.4630719136


440.0
THIS
356.107823764
137516.992018
EQUALS
356.107823764
137516.992018
array('d', [500.0, 850.0, 4000.0])
-0.597452612954


520.0
THIS
96.453873602
141996.792014
EQUALS
96.453873602
141996.792014
array('d', [500.0, 1125.0, 1175.0, 4000.0])
-184.841789103
101.515954663
85.0392003869


640.0
THIS
378.944196474
75789.797454
EQUALS
378.944196474
75789.797454
array('d', [500.0, 1100.0, 4000.0])
-200.434207971
201.211191192


800.0
THIS
35.5962119009
29186.7661465
EQUALS
35.5962119009
29186.7661465
array('d', [500.0, 1350.0, 4000.0])
-0.439344738106


1000.0
THIS
11.813987789
8311.29215759
EQUALS
11.813987789
8311.29215759
array('d', [500.0, 1700.0, 2225.0, 4000.0])
-161.514723157
218.860237297
-56.5259518275


1240.0
THIS
7.18180675631
1805.39635729
EQUALS
7.18180685065
1834.34014787
array('d', [500.0, 2475.0, 2875.0, 4000.0])
-68.2113636007
120.135370349
-50.9481419067


1520.0
THIS
3.86202884438
515.075409425
EQUALS
3.75133182826
588.534964807
array('d', [500.0, 2625.0, 3625.0, 4000.0])
371.701995362
-372.909992233

8
[0.041744826805217405, 0.0028260867877888717, 0.006553225750574108, 0.0026501726560992714, 0.003540210077882393, -0.0032121359297825865, 7.733840463243147e-05, 2.017445796799366e-05]
