3.37027548597e-06
-3.81357369589
0.60366485279
-1.18568305762e-08
5169867.16023
897481.45888
-0.00736254327529
127049.338261
-0.00271624300189
3.35627442991e-11

400.0
THIS
960.176957265
66705.1544817
EQUALS
960.176957265
66705.1544817
array('d', [500.0, 775.0, 925.0, 1100.0, 4000.0])
-33.2132413494
-258.799932605
272.223871563


440.0
THIS
1389.96401842
113409.131411
EQUALS
1389.96401842
113409.131411
array('d', [500.0, 775.0, 1025.0, 1175.0, 4000.0])
-4.14703716833e+12
3367.60632968
3684.7998233
2344.8831835


520.0
THIS
1033.62116724
75284.1349942
EQUALS
1033.62116724
75284.1349942
array('d', [500.0, 825.0, 1250.0, 1425.0, 4000.0])
-437.450076247
301.62193509
117.44989737


640.0
THIS
191.33061558
25070.249856
EQUALS
191.33061558
25070.249856
array('d', [500.0, 975.0, 1875.0, 4000.0])
-61.9315207461
57.7699130444


800.0
THIS
24.2634663358
5515.7917321
EQUALS
24.2634663358
5515.7917321
array('d', [500.0, 1200.0, 4000.0])
-52.5136595369
51.5649929699


1000.0
THIS
0.80209467364
1145.96538148
EQUALS
0.80209467364
1146.96538148
array('d', [500.0, 1450.0, 1875.0, 4000.0])
-20.5191697472
39.9675674317
-15.079832041


1240.0
THIS
-0.0212714601899
187.629524006
EQUALS
-0.0212714601899
188.629524006
array('d', [500.0, 2850.0, 2875.0, 2925.0, 4000.0])
-13.0468227028
5.50435818442
15.379022771
-6.6181478712


1520.0
THIS
1.0
51.9445018339
EQUALS
1.0
57.9445018339
array('d', [500.0, 3225.0, 4000.0])
-1.01709414859

8
[0.016110388572976548, 0.01449106265795552, 0.014254164495866724, 0.013435234033450906, 0.00988627837808948, -0.02629062910285283, 0.012399350810996171, 0.08801848869460988]
