       800     0.4767     0.2579    0.99685    0.3422    0.70152
       900     0.8545    0.46235     1.7893   0.61213     1.2627
      1000     1.5247    0.77981      3.236    1.0171     2.1741
      1100     2.2433     1.1233     5.1697    1.5381     3.3672
      1200     3.2345     1.5414     8.0666    2.2636     4.7471
      1300      5.075     2.4778     13.422    3.5068      7.579
      1400      7.516      3.823     20.721    5.1536     11.599
      1500     11.124     5.1894     35.343    7.3509     17.445
      1600     17.165     8.0772     74.495    11.285     28.072
      1700      24.85     11.384     118.12    16.107     46.219
      1800     38.916     17.297     224.42    23.896     75.547
      1900     58.069     24.339     399.77    34.638     126.32
      2000     90.057     36.097     746.19    51.038     216.58
