# x; y; band 0 low; band 0 high; band 1 low; band 1 high
      1200    0.13047   0.066585    0.24442   0.09079    0.18303
      1400    0.16618   0.088898      0.315    0.1198    0.23897
      1600    0.27087    0.13694    0.50442   0.19387    0.38343
      1800    0.32749    0.17023    0.60017   0.23405    0.45096
      2000    0.43643    0.22226    0.85139   0.30684    0.62057
      2200     0.5477    0.30298     1.0982   0.38494    0.78067
      2400    0.85653     0.4567     1.6114   0.61031     1.2124
      2600     1.2831    0.66417     2.5331     0.893     1.8448
      2800     1.7587    0.92544     3.5036    1.2365     2.5054
      3000      2.602      1.287     5.2502    1.8027     3.7646
