       800    0.36639    0.19441    0.74855   0.26666    0.54118
       900    0.67192    0.35697     1.3834    0.4782     0.9592
      1000     1.1126    0.57729     2.5129   0.76862     1.6352
      1100     1.6294    0.83592     3.6232    1.1203     2.4169
      1200     2.2948     1.1288     5.3732    1.6103     3.3518
      1300     3.3017     1.6989     8.0497    2.2767     5.0126
      1400     4.9814     2.4765     15.021    3.3253     7.8409
      1500     7.4412     3.4164     24.877    4.9554     11.747
      1600     11.208      5.253     42.874    7.3551     18.593
      1700     18.571     8.6082     94.146    11.556     33.538
      1800     27.771     12.181      149.6    16.827     52.724
      1900     44.519     18.797     307.43    26.152     87.708
      2000     64.341     25.534     516.95    36.966     157.99
