# x; y; band 0 low; band 0 high; band 1 low; band 1 high
       800     1.2654    0.45447     4.2637   0.75708     2.0813
       900    0.23758   0.086404     8.7391   0.14208    0.43434
      1000    0.12875   0.061997    0.26498  0.088725    0.18673
      1100    0.16655    0.08752    0.35472   0.11657    0.25105
      1200    0.22697    0.10937    0.48698   0.15834    0.32559
      1300    0.27795    0.13799    0.53537   0.19754    0.40494
      1400     0.3585    0.18947    0.73324   0.25118    0.52548
      1500    0.53986    0.28441     1.0713   0.37778    0.78236
      1600    0.76898    0.41398     1.5103   0.53433     1.1055
      1700     1.1628    0.58289     2.3143   0.81491     1.6993
      1800     1.6986    0.85229     3.4818    1.1772     2.5255
      1900     2.6657     1.3186     5.3864    1.8658      3.908
      2000     4.1154      2.068      8.462     2.865     6.0299
