      1200   0.060004   0.031826    0.11452  0.042785   0.083983
      1400   0.080281   0.041892     0.1539  0.056514    0.11236
      1600    0.12511   0.065452    0.22442   0.08727    0.17186
      1800    0.15028   0.077408    0.27391   0.10748    0.21384
      2000    0.19628    0.10363    0.37411   0.14081    0.28104
      2200    0.26559    0.13412    0.51285   0.18873    0.38012
      2400    0.39251    0.20975    0.77135   0.28455    0.55151
      2600    0.59063    0.31415     1.1818   0.41901    0.85116
      2800    0.78781    0.42455     1.5109   0.56331     1.1414
      3000     1.1787     0.6498     2.4576   0.84042     1.6641
