# x; y; band 0 low; band 0 high; band 1 low; band 1 high
      1200    0.43468    0.22401    0.87796   0.30908    0.61467
      1400    0.61332    0.32725     1.4075   0.44519    0.91175
      1600    0.90925    0.45069     1.9437   0.61851     1.2969
      1800     1.1508    0.61481     2.4435   0.80915     1.7118
      2000     1.7859    0.90096     4.4877    1.2718     2.6623
      2200     2.7257     1.3524     5.8246     1.806     4.1191
      2400     4.1117     2.1078     8.6443    2.8018     6.0502
      2600     6.2496     3.3779     15.731    4.4953     9.7525
      2800     10.891     5.9049     25.412    7.5211     15.844
      3000     18.136     10.366     41.249    13.153     27.196
