      1200    0.15407   0.079961    0.30363   0.10799    0.22196
      1400    0.23312    0.12086    0.46264   0.16619    0.34116
      1600    0.41727    0.21243    0.85102   0.28967    0.61175
      1800    0.53861    0.26522     1.3262   0.36803    0.81979
      2000    0.66691     0.3235     1.4517   0.44302    0.96941
      2200    0.61632    0.31325     1.3848   0.41947    0.92599
      2400     1.1004    0.54263     2.5717   0.74307     1.6491
      2600     1.1376    0.53469     2.6529   0.77417     1.7246
      2800     1.9516    0.98536     5.1832    1.3336     3.0023
      3000     2.7864     1.3461     7.3588    1.8618      4.477
