5.27057957163e-05
531.088363734
321.49640938
5.84193599421e-08
5900144909.08
-3385884629.27
-0.626825298384
2162914238.59
-0.369095288303
1.02806742229e-09

400.0
THIS
3834.18874061
30489.4060023
EQUALS
3834.18874061
30489.4060023
array('d', [105.0, 105.0, 118.3875, 129.4125, 139.125, 147.52499999999998, 156.71249999999998, 166.1625, 176.6625, 188.21249999999998, 201.8625, 210.0])
-3520.9435889
-899.503749094
-518.823842196
416.446242281
431.898591437
669.906044094
819.968494356
959.208460866
1079.85691663
387.212016741


540.0
THIS
3724.84625614
30755.7808397
EQUALS
3724.84625614
30755.7808397
array('d', [105.0, 105.0, 118.91250000000001, 131.25, 142.0125, 151.46249999999998, 161.7, 171.9375, 183.225, 194.25, 205.8, 210.0])
-2766.47247502
-1485.42183114
-573.555260491
188.428945603
525.315366316
625.805165945
772.39249281
1030.91864693
1092.94201112
412.435697632


570.0
THIS
4389.87500679
38301.0902548
EQUALS
4389.87500679
38301.0902548
array('d', [105.0, 105.0, 118.3875, 129.14999999999998, 139.3875, 149.1, 159.075, 169.575, 179.2875, 189.0, 200.02499999999998, 210.0])
-3891.32313033
-887.056079177
-438.526322197
4.46656182517
262.671885558
495.192532836
865.952474105
1113.10211023
1153.58857103
1125.38089001


600.0
THIS
6581.17622492
57679.7734567
EQUALS
6581.17622492
57679.7734567
array('d', [105.0, 105.0, 116.28750000000001, 126.525, 136.5, 145.42499999999998, 154.875, 163.5375, 172.46249999999998, 181.3875, 189.52499999999998, 198.1875, 207.1125, 210.0])
-3981.6107147
-1780.78292933
-1348.13174069
-425.598634028
-136.255623815
669.403406259
797.46362433
1065.99312677
1378.30732115
1463.87346672
1604.38134551
430.179047278


650.0
THIS
5729.97015801
52918.2990483
EQUALS
5729.97015801
52918.2990483
array('d', [105.0, 105.0, 116.025, 126.78750000000001, 136.7625, 147.0, 157.23749999999998, 167.21249999999998, 176.925, 186.1125, 195.0375, 202.9125, 210.0])
-2579.94650154
-1600.27087827
-784.729155708
-639.56155252
-210.158287059
339.626690988
670.020929772
921.79946298
1228.82249279
1494.99090901
920.457608761


720.0
THIS
4522.65455183
40949.0638925
EQUALS
4522.65455183
40949.0638925
array('d', [105.0, 105.0, 116.8125, 129.14999999999998, 139.64999999999998, 149.625, 159.6, 170.625, 180.6, 191.1, 201.075, 210.0])
-1800.344749
-1609.85516386
-514.215388444
129.812110649
277.725320139
203.931662115
642.585215078
721.268643514
945.390335086
797.445818177


850.0
THIS
2344.35263065
20650.9999727
EQUALS
2344.35263065
20650.9999727
array('d', [105.0, 105.0, 117.8625, 131.5125, 143.85, 156.975, 168.52499999999998, 181.9125, 197.39999999999998, 210.0])
-680.218856189
-587.940283152
50.0384471965
-28.0590469106
390.240743256
326.390949663
128.987647656
265.849218831

7
[0.14879639430465982, 0.13640735559606318, 0.12816790392914665, 0.12262056210479251, 0.1198804400606306, 0.11075081961948385, 0.11746362870447463]
