       800    0.28587    0.13327    0.59677   0.19092    0.41786
       900    0.42134    0.19791    0.82516   0.28626    0.60596
      1000    0.61464    0.29293     1.2218   0.42597    0.90095
      1100    0.92992    0.46101     1.9287   0.64672     1.3727
      1200     1.4608    0.70761     2.9998   0.99776     2.1388
      1300     2.3554     1.1744     5.0226    1.5794     3.4874
      1400     3.6915     1.8224     7.8013     2.489     5.4583
      1500     5.9966     2.8853     13.297    4.0642     9.0071
      1600     9.5754     4.4843     21.265    6.4189     14.395
      1700      15.16     7.3101     33.882    10.172     23.061
      1800     24.731     11.772     55.092     16.47     37.326
      1900     38.228     18.564     88.541    26.599     59.908
      2000     63.925     30.006     148.39    43.877     99.206
