# x; y; band 0 low; band 0 high; band 1 low; band 1 high
       800    0.11852   0.057659    0.24337  0.079158    0.17383
       900    0.17412   0.081251    0.34189   0.11864    0.25346
      1000    0.26587     0.1313    0.54094   0.18564    0.39179
      1100    0.41302    0.20138    0.84564   0.28779    0.61089
      1200    0.66248    0.32282     1.3921   0.44996    0.97434
      1300     1.0709    0.51117     2.2824   0.70831     1.5933
      1400      1.727    0.84525     3.7834    1.1619     2.5676
      1500     2.8305     1.3767     6.1531    1.9077     4.2499
      1600     4.5252     2.1394     9.9944    3.0396     6.7982
      1700     7.1716     3.4526     16.236    4.8793     10.992
      1800     11.607     5.5772     26.255    7.9498     17.893
      1900     18.365     8.6064      42.81    12.473     28.299
      2000     30.215      14.54      69.53    20.412     46.022
