# x; y; band 0 low; band 0 high; band 1 low; band 1 high
       800     0.2101    0.10909    0.44076   0.14662    0.29806
       900    0.24866    0.12085    0.53586   0.17105    0.35184
      1000    0.22582    0.11687     0.4557   0.15949    0.32025
      1100    0.30809    0.14902    0.60074   0.21589    0.44566
      1200    0.40731     0.2112    0.79451   0.28463    0.59245
      1300    0.54378    0.27651     1.0615   0.37885    0.77918
      1400    0.75245     0.3702     1.5263   0.51706     1.0911
      1500     1.0961    0.55988     2.3727   0.76876     1.6147
      1600     1.5785    0.79321     3.2718    1.1126     2.2971
      1700     2.3687     1.2247      4.779    1.6711     3.4185
      1800     3.4632     1.8251     7.0893    2.4427     5.0365
      1900     5.5705     2.8351     11.035    3.8334     7.8439
      2000     8.6148     4.0726     18.083    5.9328      12.71
