      1200    0.21424    0.10846    0.43983   0.14652    0.30194
      1400    0.28893    0.14121    0.58902   0.19157     0.4168
      1600     0.4856    0.22749      1.015   0.32704    0.70652
      1800    0.52915    0.26604     1.2499   0.36611    0.80131
      2000    0.57443    0.26537     1.2782   0.38395    0.87608
      2200    0.83565    0.40275     1.9547   0.55095     1.2732
      2400     1.1417    0.54757     2.7378   0.75688     1.7689
      2600     1.4778     0.7296     4.4249    1.0079     2.3573
      2800     2.0736     1.0226     12.195    1.3788     3.6972
      3000     3.5029     1.7831     16.808    2.3983     6.0724
